{"metadata":{"kernelspec":{"language":"python","display_name":"Python 3","name":"python3"},"language_info":{"name":"python","version":"3.11.13","mimetype":"text/x-python","codemirror_mode":{"name":"ipython","version":3},"pygments_lexer":"ipython3","nbconvert_exporter":"python","file_extension":".py"},"kaggle":{"accelerator":"none","dataSources":[],"dockerImageVersionId":31089,"isInternetEnabled":false,"language":"python","sourceType":"notebook","isGpuEnabled":false}},"nbformat_minor":4,"nbformat":4,"cells":[{"cell_type":"code","source":"import numpy as np\nA = np.array([1, 2])\nB = np.array([[3,4,5], [6,7, 8]])\nC = np.dot(A, B)\nprint(\"Matrix A:\")\nprint(A)\nprint(\"Matrix B:\")\nprint(B)\nprint(\"Matrix C = A * B:\")\nprint(C)","metadata":{"_uuid":"8f2839f25d086af736a60e9eeb907d3b93b6e0e5","_cell_guid":"b1076dfc-b9ad-4769-8c92-a6c4dae69d19","trusted":true,"execution":{"iopub.status.busy":"2025-07-08T03:22:25.056751Z","iopub.execute_input":"2025-07-08T03:22:25.057112Z","iopub.status.idle":"2025-07-08T03:22:25.064038Z","shell.execute_reply.started":"2025-07-08T03:22:25.057078Z","shell.execute_reply":"2025-07-08T03:22:25.062738Z"}},"outputs":[{"name":"stdout","text":"Matrix A:\n[1 2]\nMatrix B:\n[[3 4 5]\n [6 7 8]]\nMatrix C = A * B:\n[15 18 21]\n","output_type":"stream"}],"execution_count":3},{"cell_type":"code","source":"import numpy as np\nA = np.array([[4, 2], [1, 3]])\neigenvalues, eigenvectors = np.linalg.eig(A)\nprint(\"Matrix A:\")\nprint(A)\nprint(\"Eigenvalues:\")\nprint(eigenvalues)\nprint(\"Eigenvectors:\")\nprint(eigenvectors)","metadata":{"trusted":true,"execution":{"iopub.status.busy":"2025-07-08T03:22:25.065234Z","iopub.execute_input":"2025-07-08T03:22:25.065456Z","iopub.status.idle":"2025-07-08T03:22:25.116845Z","shell.execute_reply.started":"2025-07-08T03:22:25.065437Z","shell.execute_reply":"2025-07-08T03:22:25.115809Z"}},"outputs":[{"name":"stdout","text":"Matrix A:\n[[4 2]\n [1 3]]\nEigenvalues:\n[5. 2.]\nEigenvectors:\n[[ 0.89442719 -0.70710678]\n [ 0.4472136   0.70710678]]\n","output_type":"stream"}],"execution_count":4},{"cell_type":"code","source":"import numpy as np\n\n# Define a 3x3 matrix A\nA = np.array([[5, 4, 2],\n              [0, 1, -1],\n              [0, 0, 3]])\n# Compute eigenvalues and eigenvectors\neigenvalues, eigenvectors = np.linalg.eig(A)\n\n# Display the results\nprint(\"Matrix A:\")\nprint(A)\nprint(\"\\nEigenvalues:\")\nprint(eigenvalues)\nprint(\"\\nEigenvectors (columns):\")\nprint(eigenvectors)\n","metadata":{"trusted":true,"execution":{"iopub.status.busy":"2025-07-08T03:25:11.482564Z","iopub.execute_input":"2025-07-08T03:25:11.482860Z","iopub.status.idle":"2025-07-08T03:25:11.489270Z","shell.execute_reply.started":"2025-07-08T03:25:11.482814Z","shell.execute_reply":"2025-07-08T03:25:11.488502Z"}},"outputs":[{"name":"stdout","text":"Matrix A:\n[[ 5  4  2]\n [ 0  1 -1]\n [ 0  0  3]]\n\nEigenvalues:\n[5. 1. 3.]\n\nEigenvectors (columns):\n[[ 1.         -0.70710678  0.        ]\n [ 0.          0.70710678 -0.4472136 ]\n [ 0.          0.          0.89442719]]\n","output_type":"stream"}],"execution_count":6},{"cell_type":"code","source":"import numpy as np\n\n# Define a 4x4 matrix A\nA = np.array([[4, 2, 1, 3],\n              [0, 1, -1, 0],\n              [0, 0, 3, 2],\n              [0, 0, 0, 2]])\n\n# Compute eigenvalues and eigenvectors\neigenvalues, eigenvectors = np.linalg.eig(A)\n\n# Display the results\nprint(\"Matrix A:\")\nprint(A)\nprint(\"\\nEigenvalues:\")\nprint(eigenvalues)\nprint(\"\\nEigenvectors (columns):\")\nprint(eigenvectors)\n","metadata":{"trusted":true,"execution":{"iopub.status.busy":"2025-07-08T03:29:58.415425Z","iopub.execute_input":"2025-07-08T03:29:58.415692Z","iopub.status.idle":"2025-07-08T03:29:58.423155Z","shell.execute_reply.started":"2025-07-08T03:29:58.415672Z","shell.execute_reply":"2025-07-08T03:29:58.421968Z"}},"outputs":[{"name":"stdout","text":"Matrix A:\n[[ 4  2  1  3]\n [ 0  1 -1  0]\n [ 0  0  3  2]\n [ 0  0  0  2]]\n\nEigenvalues:\n[4. 1. 3. 2.]\n\nEigenvectors (columns):\n[[ 1.         -0.5547002   0.         -0.6401844 ]\n [ 0.          0.83205029 -0.4472136   0.51214752]\n [ 0.          0.          0.89442719 -0.51214752]\n [ 0.          0.          0.          0.25607376]]\n","output_type":"stream"}],"execution_count":7},{"cell_type":"code","source":"import numpy as np\n\n# New 3x3 matrix\nC = np.array([[1, 2, 3],\n              [4, 5, 6],\n              [7, 8, 9]])\n\nU, S, V = np.linalg.svd(C)\nprint(\"Matrix C:\")\nprint(C)\nprint(\"U matrix:\")\nprint(U)\nprint(\"Singular values:\")\nprint(S)\nprint(\"V matrix:\")\nprint(V)\n","metadata":{"trusted":true,"execution":{"iopub.status.busy":"2025-07-21T03:35:28.608328Z","iopub.execute_input":"2025-07-21T03:35:28.608670Z","iopub.status.idle":"2025-07-21T03:35:28.678928Z","shell.execute_reply.started":"2025-07-21T03:35:28.608638Z","shell.execute_reply":"2025-07-21T03:35:28.677921Z"}},"outputs":[{"name":"stdout","text":"Matrix C:\n[[1 2 3]\n [4 5 6]\n [7 8 9]]\nU matrix:\n[[-0.21483724  0.88723069  0.40824829]\n [-0.52058739  0.24964395 -0.81649658]\n [-0.82633754 -0.38794278  0.40824829]]\nSingular values:\n[1.68481034e+01 1.06836951e+00 3.33475287e-16]\nV matrix:\n[[-0.47967118 -0.57236779 -0.66506441]\n [-0.77669099 -0.07568647  0.62531805]\n [-0.40824829  0.81649658 -0.40824829]]\n","output_type":"stream"}],"execution_count":1},{"cell_type":"code","source":"import numpy as np\n\nA1 = np.array([[2, 4, 1],\n               [0, 3, -1],\n               [5, 2, 0]])\n\nA2 = np.array([[1, 0, 2],\n               [-1, 3, 1],\n               [4, 1, 0]])\n\n# Combine vertically (6 rows, 3 columns)\ncombined = np.vstack((A1, A2))\n\n# Compute SVD on combined matrix\nU, S, V = np.linalg.svd(combined)\n\nprint(\"Combined matrix:\")\nprint(combined)\nprint(\"\\nU matrix:\")\nprint(U)\nprint(\"\\nSingular values:\")\nprint(S)\nprint(\"\\nV matrix:\")\nprint(V)\n","metadata":{"trusted":true,"execution":{"iopub.status.busy":"2025-07-21T03:48:27.775871Z","iopub.execute_input":"2025-07-21T03:48:27.776229Z","iopub.status.idle":"2025-07-21T03:48:27.820978Z","shell.execute_reply.started":"2025-07-21T03:48:27.776205Z","shell.execute_reply":"2025-07-21T03:48:27.820060Z"}},"outputs":[{"name":"stdout","text":"Combined matrix:\n[[ 2  4  1]\n [ 0  3 -1]\n [ 5  2  0]\n [ 1  0  2]\n [-1  3  1]\n [ 4  1  0]]\n\nU matrix:\n[[-0.52347323  0.3855573   0.20101026 -0.52700129 -0.43678585 -0.26154157]\n [-0.22742137  0.45979625 -0.51857132  0.55941691 -0.34678977  0.18638746]\n [-0.64578966 -0.33678652 -0.1296224   0.28383081  0.36656152 -0.48764876]\n [-0.11922502 -0.10172696  0.77122014  0.52999681 -0.29654983  0.10871106]\n [-0.15188907  0.61924431  0.27021234  0.02642458  0.68309574  0.23050691]\n [-0.46896282 -0.36427452 -0.07798384 -0.21718092  0.00510241  0.7707807 ]]\n\nSingular values:\n[7.92704349 4.86508881 2.54811546]\n\nV matrix:\n[[-0.77192486 -0.6297892  -0.08658852]\n [-0.63531982  0.76905139  0.07020456]\n [-0.02237695 -0.10920405  0.99376745]]\n","output_type":"stream"}],"execution_count":2},{"cell_type":"code","source":"import numpy as np\n\nA1 = np.array([[2, 4, 1],\n               [0, 3, -1],\n               [5, 2, 0]])\n\nA2 = np.array([[1, 0, 2],\n               [-1, 3, 1],\n               [4, 1, 0]])\n\n# Combine horizontally (3 rows, 6 columns)\ncombined = np.hstack((A1, A2))\n\n# Compute SVD\nU, S, V = np.linalg.svd(combined)\n\nprint(\"Combined matrix (columns-wise):\")\nprint(combined)\nprint(\"\\nU matrix:\")\nprint(U)\nprint(\"\\nSingular values:\")\nprint(S)\nprint(\"\\nV matrix:\")\nprint(V)\n","metadata":{"trusted":true,"execution":{"iopub.status.busy":"2025-07-21T03:50:33.648864Z","iopub.execute_input":"2025-07-21T03:50:33.649306Z","iopub.status.idle":"2025-07-21T03:50:33.656762Z","shell.execute_reply.started":"2025-07-21T03:50:33.649279Z","shell.execute_reply":"2025-07-21T03:50:33.655725Z"}},"outputs":[{"name":"stdout","text":"Combined matrix (columns-wise):\n[[ 2  4  1  1  0  2]\n [ 0  3 -1 -1  3  1]\n [ 5  2  0  4  1  0]]\n\nU matrix:\n[[ 0.55411217  0.3291792   0.76459189]\n [ 0.25293941  0.80848636 -0.53138636]\n [ 0.79308345 -0.48784307 -0.36472974]]\n\nSingular values:\n[7.9350889  4.78213803 2.6768489 ]\n\nV matrix:\n[[ 0.63939316  0.57484344  0.03795455  0.43774009  0.19557458  0.1715373 ]\n [-0.37239765  0.57850478 -0.10022863 -0.508283    0.40517776  0.30673409]\n [-0.11000431  0.2744828   0.48414322 -0.06087034 -0.73178909  0.37275074]\n [-0.64099216  0.19511556 -0.21160648  0.71094122 -0.0290352   0.00109367]\n [-0.16651996 -0.13370623  0.83304738  0.154317    0.48274428 -0.05974977]\n [ 0.04237421 -0.45121944 -0.12399104  0.13067381  0.1678726   0.8567233 ]]\n","output_type":"stream"}],"execution_count":3},{"cell_type":"code","source":"import numpy as np\n\nA = np.array([[2, 4, 1],\n              [0, 3, -1],\n              [5, 2, 0]])\n\n# Compute SVD\nU, S, Vt = np.linalg.svd(A)\n\n# Build Sigma matrix from singular values\nSigma = np.diag(S)\n\n# Reconstruct A using the formula A = U * Sigma * V^T\nA_reconstructed = U @ Sigma @ Vt\n\nprint(\"Original matrix A:\\n\", A)\nprint(\"\\nReconstructed matrix A:\\n\", A_reconstructed)\n","metadata":{"trusted":true,"execution":{"iopub.status.busy":"2025-07-21T03:52:28.259086Z","iopub.execute_input":"2025-07-21T03:52:28.259443Z","iopub.status.idle":"2025-07-21T03:52:28.269082Z","shell.execute_reply.started":"2025-07-21T03:52:28.259416Z","shell.execute_reply":"2025-07-21T03:52:28.268248Z"}},"outputs":[{"name":"stdout","text":"Original matrix A:\n [[ 2  4  1]\n [ 0  3 -1]\n [ 5  2  0]]\n\nReconstructed matrix A:\n [[ 2.00000000e+00  4.00000000e+00  1.00000000e+00]\n [ 1.16298342e-17  3.00000000e+00 -1.00000000e+00]\n [ 5.00000000e+00  2.00000000e+00  4.79278172e-17]]\n","output_type":"stream"}],"execution_count":4},{"cell_type":"code","source":"import numpy as np\n\n# Define a 3x3 matrix\nA = np.array([[4, 2, 1],\n              [3, 5, 7],\n              [1, 0, 6]])\n\n# Calculate the determinant\ndet = np.linalg.det(A)\n\n# Display the matrix and its determinant\nprint(\"Matrix A:\")\nprint(A)\nprint(\"Determinant of A:\")\nprint(det)\n","metadata":{"trusted":true,"execution":{"iopub.status.busy":"2025-07-21T04:07:10.263312Z","iopub.execute_input":"2025-07-21T04:07:10.263525Z","iopub.status.idle":"2025-07-21T04:07:10.281391Z","shell.execute_reply.started":"2025-07-21T04:07:10.263507Z","shell.execute_reply":"2025-07-21T04:07:10.280330Z"}},"outputs":[{"name":"stdout","text":"Matrix A:\n[[4 2 1]\n [3 5 7]\n [1 0 6]]\nDeterminant of A:\n93.00000000000003\n","output_type":"stream"}],"execution_count":6},{"cell_type":"code","source":"import numpy as np\n\n# Generate a random 3x3 float matrix with values between 0 and 1\nA = np.random.randint(1,10,(3, 3))\n\n# Calculate the determinant\ndet = np.linalg.det(A)\n\n# Display the matrix and its determinant\nprint(\"Random 3x3 Float Matrix A:\")\nprint(A)\nprint(\"Determinant of A:\")\nprint(det)\n","metadata":{"trusted":true,"execution":{"iopub.status.busy":"2025-07-21T04:13:11.099732Z","iopub.execute_input":"2025-07-21T04:13:11.100023Z","iopub.status.idle":"2025-07-21T04:13:11.106442Z","shell.execute_reply.started":"2025-07-21T04:13:11.100001Z","shell.execute_reply":"2025-07-21T04:13:11.105403Z"}},"outputs":[{"name":"stdout","text":"Random 3x3 Float Matrix A:\n[[6 9 5]\n [4 6 9]\n [9 3 6]]\nDeterminant of A:\n356.9999999999999\n","output_type":"stream"}],"execution_count":14},{"cell_type":"code","source":"import numpy as np\n\n# Define a new 3x1 vector\nv = np.array([5, -2, 8])\n\n# Calculate L1 and L2 norms\nL1_norm = np.linalg.norm(v, ord=1)\nL2_norm = np.linalg.norm(v)\n\n# Display the vector and its norms\nprint(\"Vector v:\")\nprint(v)\nprint(\"L1 norm of v:\")\nprint(L1_norm)\nprint(\"L2 norm of v:\")\nprint(L2_norm)\n","metadata":{"trusted":true,"execution":{"iopub.status.busy":"2025-07-21T04:17:31.637632Z","iopub.execute_input":"2025-07-21T04:17:31.637935Z","iopub.status.idle":"2025-07-21T04:17:31.644765Z","shell.execute_reply.started":"2025-07-21T04:17:31.637912Z","shell.execute_reply":"2025-07-21T04:17:31.643990Z"}},"outputs":[{"name":"stdout","text":"Vector v:\n[ 5 -2  8]\nL1 norm of v:\n15.0\nL2 norm of v:\n9.643650760992955\n","output_type":"stream"}],"execution_count":15},{"cell_type":"code","source":"import numpy as np\n\n# Define a 2x3 matrix\nA = np.array([[1, -2, 3],\n              [4, 0, -5]])\n\n# Calculate norms\nL1_norm = np.linalg.norm(A, ord=1)         # Max column sum\nL2_norm = np.linalg.norm(A, ord=2)         # Largest singular value\n\n# Display results\nprint(\"Matrix A (2x3):\")\nprint(A)\nprint(\"L1 norm (max column sum):\", L1_norm)\nprint(\"L2 norm (largest singular value):\", L2_norm)\n","metadata":{"trusted":true,"execution":{"iopub.status.busy":"2025-07-21T04:21:25.539458Z","iopub.execute_input":"2025-07-21T04:21:25.540174Z","iopub.status.idle":"2025-07-21T04:21:25.545764Z","shell.execute_reply.started":"2025-07-21T04:21:25.540148Z","shell.execute_reply":"2025-07-21T04:21:25.544893Z"}},"outputs":[{"name":"stdout","text":"Matrix A (2x3):\n[[ 1 -2  3]\n [ 4  0 -5]]\nL1 norm (max column sum): 8.0\nL2 norm (largest singular value): 6.7017963836025345\n","output_type":"stream"}],"execution_count":16},{"cell_type":"code","source":"","metadata":{"trusted":true},"outputs":[],"execution_count":null}]}